P:
Boolean PolynomialRing in x0, x1, x2, x3
y:
[x0*x1 + x0*x2*x3 + x0*x2 + x0*x3 + x1*x2*x3 + x1*x2 + x1*x3 + x2*x3 + x2 + 1,
x0*x1*x2 + x0*x2*x3 + x0*x3 + x1*x2*x3 + x2*x3 + x2 + x3,
x0*x1*x2 + x0*x1 + x0*x2 + x1*x2 + x1 + x2*x3 + x3 + 1,
x0*x1*x2 + x0*x1*x3 + x0*x2*x3 + x0*x2 + x0*x3 + x0 + x1*x2*x3 + x1*x3 + x1 + x2*x3 + x3]
D:
{
(0, 0, 0, 0): [(0, 0, 0, 0)],
(1, 0, 0, 0): [(1, 0, 0, 0), (0, 0, 0, 1), (0, 0, 1, 0), (0, 1, 0, 0)],
(0, 1, 0, 0): [(1, 0, 0, 0), (0, 0, 0, 1), (0, 0, 1, 0), (0, 1, 0, 0)],
(1, 1, 0, 0): [(1, 0, 0, 0), (0, 0, 0, 1), (0, 0, 1, 0), (0, 1, 0, 0)],
(0, 0, 1, 0): [(1, 0, 0, 0), (0, 0, 0, 1), (0, 0, 1, 0), (0, 1, 0, 0)],
(1, 0, 1, 0): [(1, 0, 0, 0), (0, 0, 0, 1), (0, 0, 1, 0), (0, 1, 0, 0)],
(0, 1, 1, 0): [(1, 0, 0, 0), (0, 0, 0, 1), (0, 0, 1, 0), (0, 1, 0, 0)],
(1, 1, 1, 0): [(0, 0, 0, 1), (0, 0, 1, 0), (0, 1, 0, 0)],
(0, 0, 0, 1): [(1, 0, 0, 0), (0, 0, 0, 1), (0, 0, 1, 0), (0, 1, 0, 0)],
(1, 0, 0, 1): [(1, 0, 0, 0), (0, 0, 0, 1), (0, 1, 0, 0)],
(0, 1, 0, 1): [(1, 0, 0, 0), (0, 0, 0, 1), (0, 1, 0, 0)],
(1, 1, 0, 1): [(1, 1, 0, 0), (0, 0, 0, 1), (0, 1, 1, 0)],
(0, 0, 1, 1): [(1, 0, 0, 0), (0, 0, 0, 1), (0, 0, 1, 0), (0, 1, 0, 0)],
(1, 0, 1, 1): [(1, 0, 0, 0), (0, 0, 0, 1), (0, 1, 0, 0)],
(0, 1, 1, 1): [(1, 0, 0, 0), (0, 0, 0, 1), (0, 1, 0, 0)],
(1, 1, 1, 1): [(1, 1, 1, 1)]}
